13460	10223.68
13460.08	10223.76
13460.16	10223.84
13460.24	10223.92
13460.32	10224
13460.4	10224.08
13460.48	10224.24
13460.56	10224.32
13460.64	10224.4
13460.72	10224.48
13460.8	10224.56
13460.88	10224.64
13460.96	10224.72
13461.04	10224.8
13461.12	10224.88
13461.2	10224.96
13461.28	10225.04
13461.36	10225.12
13461.44	10225.2
13461.52	10225.28
13461.6	10225.36
13461.68	10225.44
13461.76	10225.52
13461.84	10225.6
13461.92	10225.68
13462	10225.76
13462.08	10225.84
13462.16	10225.92
13462.24	10226
13462.32	10226.08
13462.4	10226.16
13462.48	10226.24
13462.56	10226.32
13462.64	10226.4
13462.72	10226.48
13462.8	10226.56
13462.88	10226.64
13462.96	10226.72
13463.04	10226.8
13463.12	10226.88
13463.2	10226.96
13463.28	10227.04
13463.36	10227.12
13463.44	10227.2
13463.52	10227.28
13463.6	10227.36
13463.68	10227.44
13463.76	10227.52
13463.84	10227.6
13463.92	10227.68
13464	10227.76
13464.08	10227.84
13464.16	10227.92
13464.24	10228
13464.32	10228.16
13464.4	10228.24
13464.48	10228.32
13464.56	10228.4
13464.64	10228.48
13464.72	10228.56
13464.8	10228.64
13464.88	10228.72
13464.96	10228.8
13465.04	10228.88
13465.12	10228.96
13465.2	10229.04
13465.28	10229.12
13465.36	10229.2
13465.44	10229.28
13465.52	10229.36
13465.6	10229.44
13465.68	10229.52
13465.76	10229.6
13465.84	10229.68
13465.92	10229.76
13466	10229.84
13466.08	10229.92
13466.16	10230
13466.24	10230.08
13466.32	10230.16
13466.4	10230.24
13466.48	10230.32
13466.56	10230.48
13466.64	10230.56
13466.72	10230.64
13466.8	10230.72
13466.88	10230.8
13466.96	10230.88
13467.04	10230.96
13467.12	10231.04
13467.2	10231.12
13467.28	10231.2
13467.36	10231.28
13467.44	10231.36
13467.52	10231.44
13467.6	10231.52
13467.68	10231.6
13467.76	10231.68
13467.84	10231.76
13467.92	10231.84
13468	10232
13468.08	10232.08
13468.16	10232.16
13468.24	10232.24
13468.32	10232.32
13468.4	10232.4
13468.48	10232.48
13468.56	10232.56
13468.64	10232.64
13468.72	10232.72
13468.8	10232.8
13468.88	10232.88
13468.96	10233.04
13469.04	10233.12
13469.12	10233.2
13469.2	10233.28
13469.28	10233.36
13469.36	10233.44
13469.44	10233.52
13469.52	10233.6
13469.6	10233.68
13469.68	10233.84
13469.76	10233.92
13469.84	10234
13469.92	10234.08
13470	10234.16
13470.08	10234.24
13470.16	10234.32
13470.24	10234.48
13470.32	10234.56
13470.4	10234.64
13470.48	10234.72
13470.56	10234.8
13470.64	10234.96
13470.72	10235.04
13470.8	10235.12
13470.88	10235.2
13470.96	10235.28
13471.04	10235.44
13471.12	10235.52
13471.2	10235.6
13471.28	10235.68
13471.36	10235.84
13471.44	10235.92
13471.52	10236
13471.6	10236.08
13471.68	10236.24
13471.76	10236.32
13471.84	10236.4
13471.92	10236.48
13472	10236.64
13472.08	10236.72
13472.16	10236.8
13472.24	10236.88
13472.32	10236.96
13472.4	10237.04
13472.48	10237.12
13472.56	10237.2
13472.64	10237.28
13472.72	10237.36
13472.8	10237.44
13472.88	10237.52
13472.96	10237.6
13473.04	10237.6
13473.12	10237.68
13473.2	10237.76
13473.28	10237.84
13473.36	10237.84
13473.44	10237.92
13473.52	10238
13473.6	10238
13473.68	10238.08
13473.76	10238.08
13473.84	10238.16
13473.92	10238.16
13474	10238.24
13474.08	10238.24
13474.16	10238.32
13474.24	10238.32
13474.32	10238.4
13474.4	10238.4
13474.48	10238.48
13474.56	10238.48
13474.64	10238.56
13474.72	10238.56
13474.8	10238.56
13474.88	10238.64
13474.96	10238.64
13475.04	10238.72
13475.12	10238.72
13475.2	10238.72
13475.28	10238.8
13475.36	10238.8
13475.44	10238.88
13475.52	10238.88
13475.6	10238.96
13475.68	10238.96
13475.76	10238.96
13475.84	10239.04
13475.92	10239.04
13476	10239.12
13476.08	10239.12
13476.16	10239.2
13476.24	10239.2
13476.32	10239.2
13476.4	10239.28
13476.48	10239.28
13476.56	10239.36
13476.64	10239.36
13476.72	10239.44
13476.8	10239.44
13476.88	10239.52
13476.96	10239.6
13477.04	10239.6
13477.12	10239.68
13477.2	10239.68
13477.28	10239.76
13477.36	10239.84
13477.44	10239.84
13477.52	10239.92
13477.6	10240
13477.68	10240.08
13477.76	10240.16
13477.84	10240.16
13477.92	10240.24
13478	10240.32
13478.08	10240.4
13478.16	10240.48
13478.24	10240.56
13478.32	10240.64
13478.4	10240.72
13478.48	10240.88
13478.56	10240.96
13478.64	10241.04
13478.72	10241.12
13478.8	10241.2
13478.88	10241.36
13478.96	10241.44
13479.04	10241.52
13479.12	10241.6
13479.2	10241.76
13479.28	10241.84
13479.36	10241.92
13479.44	10242
13479.52	10242.16
13479.6	10242.24
13479.68	10242.32
13479.76	10242.4
13479.84	10242.56
13479.92	10242.64
13480	10242.72
13480.08	10242.8
13480.16	10242.88
13480.24	10243.04
13480.32	10243.12
13480.4	10243.2
13480.48	10243.28
13480.56	10243.36
13480.64	10243.44
13480.72	10243.6
13480.8	10243.68
13480.88	10243.76
13480.96	10243.84
13481.04	10243.92
13481.12	10244
13481.2	10244.08
13481.28	10244.16
13481.36	10244.32
13481.44	10244.4
13481.52	10244.48
13481.6	10244.56
13481.68	10244.64
13481.76	10244.72
13481.84	10244.8
13481.92	10244.88
13482	10244.96
13482.08	10245.04
13482.16	10245.2
13482.24	10245.28
13482.32	10245.36
13482.4	10245.44
13482.48	10245.52
13482.56	10245.6
13482.64	10245.68
13482.72	10245.76
13482.8	10245.84
13482.88	10245.92
13482.96	10246
13483.04	10246.08
13483.12	10246.16
13483.2	10246.24
13483.28	10246.32
13483.36	10246.48
13483.44	10246.56
13483.52	10246.64
13483.6	10246.72
13483.68	10246.8
13483.76	10246.88
13483.84	10246.96
13483.92	10247.04
13484	10247.12
13484.08	10247.2
13484.16	10247.28
13484.24	10247.36
13484.32	10247.44
13484.4	10247.52
13484.48	10247.6
13484.56	10247.68
13484.64	10247.76
13484.72	10247.84
13484.8	10247.92
13484.88	10248
13484.96	10248.08
13485.04	10248.16
13485.12	10248.32
13485.2	10248.4
13485.28	10248.48
13485.36	10248.56
13485.44	10248.64
13485.52	10248.72
13485.6	10248.8
13485.68	10248.88
13485.76	10248.96
13485.84	10249.04
13485.92	10249.12
13486	10249.2
13486.08	10249.28
13486.16	10249.36
13486.24	10249.44
13486.32	10249.52
13486.4	10249.6
13486.48	10249.68
13486.56	10249.76
13486.64	10249.84
13486.72	10249.92
13486.8	10250
13486.88	10250.08
13486.96	10250.16
13487.04	10250.24
13487.12	10250.32
13487.2	10250.4
13487.28	10250.48
13487.36	10250.56
13487.44	10250.64
13487.52	10250.72
13487.6	10250.8
13487.68	10250.88
13487.76	10250.96
13487.84	10251.04
13487.92	10251.12
13488	10251.28
13488.08	10251.36
13488.16	10251.44
13488.24	10251.52
13488.32	10251.6
13488.4	10251.68
13488.48	10251.76
13488.56	10251.84
13488.64	10251.92
13488.72	10252
13488.8	10252.08
13488.88	10252.16
13488.96	10252.24
13489.04	10252.32
13489.12	10252.4
13489.2	10252.48
13489.28	10252.56
13489.36	10252.64
13489.44	10252.72
13489.52	10252.8
13489.6	10252.88
13489.68	10252.96
13489.76	10253.04
13489.84	10253.12
13489.92	10253.2
13490	10253.28
13490.08	10253.36
13490.16	10253.44
13490.24	10253.52
13490.32	10253.6
13490.4	10253.68
13490.48	10253.76
13490.56	10253.84
13490.64	10253.92
13490.72	10254
13490.8	10254.08
13490.88	10254.16
13490.96	10254.24
13491.04	10254.32
13491.12	10254.4
13491.2	10254.48
13491.28	10254.56
13491.36	10254.64
13491.44	10254.72
13491.52	10254.8
13491.6	10254.88
13491.68	10254.96
13491.76	10255.04
13491.84	10255.12
13491.92	10255.2
